//n = 10
Given Array: 
191 876 420 636 248 127 870 297 239 436 
Sorted Array via InsertionSort: 
127 191 239 248 297 420 436 636 870 876 

//n = 100
Given Array:
352 926 835 488 951 881 155 528 379 457 617 443 342 632 662 642 518 464 299 944 296 56 395 236 179 720 931 438 88 86 533 792 13 721 280 316 954 435 844 333 245 813 128 587 446 790 581 964 254 880 260 550 288 655 139 820 375 70 258 816 509 143 608 874 216 889 190 171 676 35 504 921 848 985 861 646 775 442 610 382 675 222 932 963 878 71 135 605 494 745 773 355 241 382 229 457 623 419 628 299
Sorted Array via InsertionSort:
13 35 56 70 71 86 88 128 135 139 143 155 171 179 190 216 222 229 236 241 245 254 258 260 280 288 296 299 299 316 333 342 352 355 375 379 382 382 395 419 435 438 442 443 446 457 457 464 488 494 504 509 518 528 533 550 581 587 605 608 610 617 623 628 632 642 646 655 662 675 676 720 721 745 773 775 790 792 813 816 820 835 844 848 861 874 878 880 881 889 921 926 931 932 944 951 954 963 964 985

// n = 10
Given Array:
9 131 435 689 194 661 478 714 707 706
Sorted Array via Mergesort:
9 131 194 435 478 661 689 706 707 714

//n = 100
Given Array: 
659 60 786 246 288 625 920 728 334 510 363 611 790 202 436 761 190 496 482 313 571 595 753 248 660 520 606 79 954 725 315 965 137 101 212 425 79 484 154 413 994 869 376 785 423 813 898 613 309 380 927 232 327 32 480 987 552 87 418 858 164 734 824 302 187 388 727 266 224 233 679 570 103 56 355 526 221 605 492 882 338 771 114 665 155 594 5 60 33 423 918 198 509 94 500 697 834 579 963 58 
Sorted Array via Mergesort: 
5 32 33 56 58 60 60 79 79 87 94 101 103 114 137 154 155 164 187 190 198 202 212 221 224 232 233 246 248 266 288 302 309 313 315 327 334 338 355 363 376 380 388 413 418 423 423 425 436 480 482 484 492 496 500 509 510 520 526 552 570 571 579 594 595 605 606 611 613 625 659 660 665 679 697 725 727 728 734 753 761 771 785 786 790 813 824 834 858 869 882 898 918 920 927 954 963 965 987 994 

//n = 10
Given Array:
170 543 338 632 555 405 544 411 705 622
Sorted Array via Heapsort:
170 338 405 411 543 544 555 622 632 705

//n = 100
Given Array:
161 32 30 362 187 722 256 268 263 274 21 997 537 567 958 162 327 694 272 678 712 540 761 441 481 316 310 458 994 520 59 507 905 442 221 92 164 477 712 427 751 733 424 640 652 734 155 979 429 427 657 141 320 770 934 153 439 596 963 785 117 23 292 22 817 513 114 981 342 826 760 446 911 536 86 563 270 241 894 51 21 904 544 341 674 478 846 465 427 809 250 544 184 894 918 1 759 384 334 102
Sorted Array via Heapsort:
1 21 21 22 23 30 32 51 59 86 92 102 114 117 141 153 155 161 162 164 184 187 221 241 250 256 263 268 270 272 274 292 310 316 320 327 334 341 342 362 384 424 427 427 427 429 439 441 442 446 458 465 477 478 481 507 513 520 536 537 540 544 544 563 567 596 640 652 657 674 678 694 712 712 722 733 734 751 759 760 761 770 785 809 817 826 846 894 894 904 905 911 918 934 958 963 979 981 994 997

// n = 10
Given Array:
920 71 653 85 611 773 244 221 567 612
Sorted Array via Quicksort:
71 85 221 244 567 611 612 653 773 920

//n = 100
Given Array:
480 629 360 107 755 784 283 158 885 838 938 454 238 379 751 804 71 245 493 675 323 742 30 945 367 930 812 727 8 564 847 488 193 560 947 300 344 582 458 582 421 396 388 659 775 491 815 199 736 660 874 411 403 256 357 122 538 521 849 546 85 49 386 630 609 333 283 305 915 741 239 688 490 628 347 617 119 515 816 856 175 690 619 930 298 328 52 836 850 902 734 287 951 120 270 912 805 553 217 73
Sorted Array via Quicksort:
8 30 49 52 71 73 85 107 119 120 122 158 175 193 199 217 238 239 245 256 270 283 283 287 298 300 305 323 328 333 344 347 357 360 367 379 386 388 396 403 411 421 454 458 480 488 490 491 493 515 521 538 546 553 560 564 582 582 609 617 619 628 629 630 659 660 675 688 690 727 734 736 741 742 751 755 775 784 804 805 812 815 816 836 838 847 849 850 856 874 885 902 912 915 930 930 938 945 947 951

// n = 10
Given Array:
215 636 411 509 328 920 855 330 265 774
Sorted Array via Randomized Quicksort:
215 265 328 330 411 509 636 774 855 920

//n = 100
Given Array:
68 376 817 426 857 788 100 2 675 695 372 388 88 929 439 151 430 360 742 991 688 401 601 431 153 994 119 843 819 475 630 240 203 447 18 60 587 118 63 614 813 787 2 901 716 441 404 498 802 499 842 842 900 795 625 405 141 745 600 961 220 230 553 776 29 571 836 617 689 251 231 502 39 586 755 107 27 159 606 181 658 800 23 911 595 649 316 737 746 269 50 318 851 603 94 881 174 931 850 863
Sorted Array via Randomized Quicksort:
2 2 18 23 27 29 39 50 60 63 68 88 94 100 107 118 119 141 151 153 159 174 181 203 220 230 231 240 251 269 316 318 360 372 376 388 401 404 405 426 430 431 439 441 447 475 498 499 502 553 571 586 587 595 600 601 603 606 614 617 625 630 649 658 675 688 689 695 716 737 742 745 746 755 776 787 788 795 800 802 813 817 819 836 842 842 843 850 851 857 863 881 900 901 911 929 931 961 991 994

